D:\Y.C.Lai\CSIE_Google Drive\NTU\DigiVFX\hw2\ImageStitching\set4\DSC_0015.JPG
6000 4000

8 0 1999.5 
0 8 2999.5 
0 0 1 

-0.0106347 0.878053 0.478446 
-0.996902 0.0279765 -0.0735016 
-0.0779235 -0.477746 0.875036 

643.342

D:\Y.C.Lai\CSIE_Google Drive\NTU\DigiVFX\hw2\ImageStitching\set4\DSC_0016.JPG
6000 4000

8 0 1999.5 
0 8 2999.5 
0 0 1 

-0.0211312 0.999474 0.0245901 
-0.997011 -0.0192382 -0.074823 
-0.0743106 -0.0260978 0.996894 

649.767

D:\Y.C.Lai\CSIE_Google Drive\NTU\DigiVFX\hw2\ImageStitching\set4\DSC_0017.JPG
6000 4000

8 0 1999.5 
0 8 2999.5 
0 0 1 

-0.0258322 0.963635 -0.265972 
-0.996764 -0.0450875 -0.0665453 
-0.0761174 0.263392 0.961681 

653.654

D:\Y.C.Lai\CSIE_Google Drive\NTU\DigiVFX\hw2\ImageStitching\set4\DSC_0018.JPG
6000 4000

8 0 1999.5 
0 8 2999.5 
0 0 1 

-0.0213185 0.691602 -0.721964 
-0.996861 -0.0697742 -0.037404 
-0.0762432 0.718901 0.690919 

661.192

D:\Y.C.Lai\CSIE_Google Drive\NTU\DigiVFX\hw2\ImageStitching\set4\DSC_0019.JPG
6000 4000

8 0 1999.5 
0 8 2999.5 
0 0 1 

-0.0179834 0.160557 -0.986863 
-0.997254 -0.0738022 0.00616552 
-0.0718428 0.984264 0.161443 

668.6

D:\Y.C.Lai\CSIE_Google Drive\NTU\DigiVFX\hw2\ImageStitching\set4\DSC_0020.JPG
6000 4000

8 0 1999.5 
0 8 2999.5 
0 0 1 

-0.0212597 -0.425651 -0.904638 
-0.997227 -0.05552 0.0495589 
-0.0713203 0.903183 -0.42329 

670.697

D:\Y.C.Lai\CSIE_Google Drive\NTU\DigiVFX\hw2\ImageStitching\set4\DSC_0021.JPG
6000 4000

8 0 1999.5 
0 8 2999.5 
0 0 1 

-0.0204104 -0.819603 -0.572569 
-0.997236 -0.0242266 0.0702277 
-0.0714302 0.572421 -0.816843 

676.596

D:\Y.C.Lai\CSIE_Google Drive\NTU\DigiVFX\hw2\ImageStitching\set4\DSC_0022.JPG
6000 4000

8 0 1999.5 
0 8 2999.5 
0 0 1 

-0.0564746 -0.766835 0.639355 
-0.995341 0.0933662 0.0240635 
-0.0781468 -0.635017 -0.768535 

609.445

D:\Y.C.Lai\CSIE_Google Drive\NTU\DigiVFX\hw2\ImageStitching\set4\DSC_0023.JPG
6000 4000

8 0 1999.5 
0 8 2999.5 
0 0 1 

-0.0239445 -0.204926 0.978485 
-0.995683 0.0926808 -0.00495499 
-0.0896713 -0.974379 -0.206261 

618.654

D:\Y.C.Lai\CSIE_Google Drive\NTU\DigiVFX\hw2\ImageStitching\set4\DSC_0024.JPG
6000 4000

8 0 1999.5 
0 8 2999.5 
0 0 1 

-0.0109647 0.366603 0.930313 
-0.995756 0.0810108 -0.0436595 
-0.0913711 -0.926844 0.364159 

628.073

D:\Y.C.Lai\CSIE_Google Drive\NTU\DigiVFX\hw2\ImageStitching\set4\DSC_0025.JPG
6000 4000

8 0 1999.5 
0 8 2999.5 
0 0 1 

-0.00721877 0.72916 0.684305 
-0.996432 0.052302 -0.0662416 
-0.0840913 -0.682342 0.726181 

637.801

D:\Y.C.Lai\CSIE_Google Drive\NTU\DigiVFX\hw2\ImageStitching\set4\DSC_0014.JPG
6000 4000

8 0 1999.5 
0 8 2999.5 
0 0 1 

0.0124904 0.66232 0.749117 
-0.995709 0.0769387 -0.0514222 
-0.0916941 -0.74526 0.660439 

636.34

