D:\Y.C.Lai\CSIE_Google Drive\NTU\DigiVFX\hw2\set1\DSC_0257.JPG
4496 3000

4 0 1499.5 
0 4 2247.5 
0 0 1 

0.998406 -0.0135287 -0.054797 
0.0135083 0.999909 -0.000741392 
0.054802 1.12368e-011 0.998497 

1082.74

D:\Y.C.Lai\CSIE_Google Drive\NTU\DigiVFX\hw2\set1\DSC_0258.JPG
4496 3000

4 0 1499.5 
0 4 2247.5 
0 0 1 

0.997906 -0.0523158 -0.0380401 
0.0228039 0.834873 -0.549971 
0.0605308 0.547951 0.834317 

1081.24

D:\Y.C.Lai\CSIE_Google Drive\NTU\DigiVFX\hw2\set1\DSC_0259.JPG
4496 3000

4 0 1499.5 
0 4 2247.5 
0 0 1 

0.99852 -0.0360304 -0.0407504 
-0.0281136 0.299495 -0.953683 
0.0465661 0.953417 0.298039 

1082.86

D:\Y.C.Lai\CSIE_Google Drive\NTU\DigiVFX\hw2\set1\DSC_0260.JPG
4496 3000

4 0 1499.5 
0 4 2247.5 
0 0 1 

0.999654 -0.0261764 -0.00256023 
-0.00975971 -0.278792 -0.960302 
0.0244234 0.959995 -0.278951 

1080.87

D:\Y.C.Lai\CSIE_Google Drive\NTU\DigiVFX\hw2\set1\DSC_0261.JPG
4496 3000

4 0 1499.5 
0 4 2247.5 
0 0 1 

0.999496 0.00474887 0.0313855 
0.0225518 -0.802055 -0.596824 
0.0223386 0.597231 -0.801758 

1078.46

D:\Y.C.Lai\CSIE_Google Drive\NTU\DigiVFX\hw2\set1\DSC_0262.JPG
4496 3000
4 0 1499.5 
0 4 2247.5 
0 0 1 

0 0 0 
0 0 0 
0 0 0 

0

D:\Y.C.Lai\CSIE_Google Drive\NTU\DigiVFX\hw2\set1\DSC_0263.JPG
4496 3000
4 0 1499.5 
0 4 2247.5 
0 0 1 

0 0 0 
0 0 0 
0 0 0 

0

D:\Y.C.Lai\CSIE_Google Drive\NTU\DigiVFX\hw2\set1\DSC_0264.JPG
4496 3000
4 0 1499.5 
0 4 2247.5 
0 0 1 

0 0 0 
0 0 0 
0 0 0 

0

D:\Y.C.Lai\CSIE_Google Drive\NTU\DigiVFX\hw2\set1\DSC_0265.JPG
4496 3000

4 0 1499.5 
0 4 2247.5 
0 0 1 

0.997928 0.0568262 -0.0301824 
-0.0113226 0.616843 0.787005 
0.0633402 -0.785032 0.616209 

1091.85

D:\Y.C.Lai\CSIE_Google Drive\NTU\DigiVFX\hw2\set1\DSC_0256.JPG
4496 3000

4 0 1499.5 
0 4 2247.5 
0 0 1 

0.998176 0.0367399 -0.0479104 
-0.00217736 0.814926 0.57956 
0.0603365 -0.578398 0.81352 

1084.15

