D:\Y.C.Lai\CSIE_Google Drive\NTU\DigiVFX\hw2\ImageStitching\set5\DSC_0027.JPG
2992 2000

4 0 999.5 
0 4 1495.5 
0 0 1 

0.0317331 0.999494 0.00196071 
-0.997593 0.0317938 -0.0616234 
-0.0616544 1.06105e-014 0.998098 

585.638

D:\Y.C.Lai\CSIE_Google Drive\NTU\DigiVFX\hw2\ImageStitching\set5\DSC_0028.JPG
2992 2000

4 0 999.5 
0 4 1495.5 
0 0 1 

0.0298124 0.945398 -0.324552 
-0.997519 0.00742461 -0.0700027 
-0.0637707 0.325834 0.943274 

587.866

D:\Y.C.Lai\CSIE_Google Drive\NTU\DigiVFX\hw2\ImageStitching\set5\DSC_0029.JPG
2992 2000

4 0 999.5 
0 4 1495.5 
0 0 1 

0.0275088 0.765037 -0.643399 
-0.997396 -0.0219198 -0.0687083 
-0.0666675 0.643614 0.762442 

584.383

D:\Y.C.Lai\CSIE_Google Drive\NTU\DigiVFX\hw2\ImageStitching\set5\DSC_0030.JPG
2992 2000

4 0 999.5 
0 4 1495.5 
0 0 1 

0.0307031 0.382494 -0.923448 
-0.997319 -0.0496714 -0.0537334 
-0.0664219 0.922622 0.379944 

583.408

D:\Y.C.Lai\CSIE_Google Drive\NTU\DigiVFX\hw2\ImageStitching\set5\DSC_0031.JPG
2992 2000

4 0 999.5 
0 4 1495.5 
0 0 1 

0.0322877 0.04252 -0.998574 
-0.99723 -0.0656098 -0.0350382 
-0.0670062 0.996939 0.0402839 

581.838

D:\Y.C.Lai\CSIE_Google Drive\NTU\DigiVFX\hw2\ImageStitching\set5\DSC_0032.JPG
2992 2000

4 0 999.5 
0 4 1495.5 
0 0 1 

0.0331878 -0.359481 -0.932562 
-0.997293 -0.0731685 -0.00728681 
-0.0656149 0.93028 -0.360936 

579.621

D:\Y.C.Lai\CSIE_Google Drive\NTU\DigiVFX\hw2\ImageStitching\set5\DSC_0033.JPG
2992 2000

4 0 999.5 
0 4 1495.5 
0 0 1 

0.0377464 -0.65014 -0.758877 
-0.997174 -0.0738673 0.0136838 
-0.0649527 0.756216 -0.651091 

578.245

D:\Y.C.Lai\CSIE_Google Drive\NTU\DigiVFX\hw2\ImageStitching\set5\DSC_0034.JPG
2992 2000

4 0 999.5 
0 4 1495.5 
0 0 1 

0.0407938 -0.831895 -0.553432 
-0.997167 -0.0689275 0.0301071 
-0.0631929 0.550636 -0.83235 

579.491

D:\Y.C.Lai\CSIE_Google Drive\NTU\DigiVFX\hw2\ImageStitching\set5\DSC_0035.JPG
2992 2000

4 0 999.5 
0 4 1495.5 
0 0 1 

0.0452194 -0.971156 -0.23412 
-0.997 -0.0586087 0.0505496 
-0.0628132 0.231131 -0.970893 

580.601

D:\Y.C.Lai\CSIE_Google Drive\NTU\DigiVFX\hw2\ImageStitching\set5\DSC_0036.JPG
2992 2000

4 0 999.5 
0 4 1495.5 
0 0 1 

0.0422184 -0.986244 0.159813 
-0.997264 -0.0318822 0.0666971 
-0.0606845 -0.162192 -0.984892 

579.297

D:\Y.C.Lai\CSIE_Google Drive\NTU\DigiVFX\hw2\ImageStitching\set5\DSC_0037.JPG
2992 2000

4 0 999.5 
0 4 1495.5 
0 0 1 

0.0365747 -0.860348 0.508393 
-0.997368 0.000449123 0.0725119 
-0.0626137 -0.509707 -0.858067 

580.766

D:\Y.C.Lai\CSIE_Google Drive\NTU\DigiVFX\hw2\ImageStitching\set5\DSC_0038.JPG
2992 2000

4 0 999.5 
0 4 1495.5 
0 0 1 

0.0318445 -0.632183 0.774165 
-0.997397 0.0300323 0.065551 
-0.0646901 -0.774237 -0.629581 

579.218

D:\Y.C.Lai\CSIE_Google Drive\NTU\DigiVFX\hw2\ImageStitching\set5\DSC_0039.JPG
2992 2000

4 0 999.5 
0 4 1495.5 
0 0 1 

0.0282656 -0.263026 0.964375 
-0.997294 0.0580744 0.0450696 
-0.0678597 -0.96304 -0.260673 

577.435

D:\Y.C.Lai\CSIE_Google Drive\NTU\DigiVFX\hw2\ImageStitching\set5\DSC_0040.JPG
2992 2000

4 0 999.5 
0 4 1495.5 
0 0 1 

0.0294899 0.103923 0.994148 
-0.99713 0.0724349 0.0220064 
-0.0697237 -0.991944 0.105761 

577.44

D:\Y.C.Lai\CSIE_Google Drive\NTU\DigiVFX\hw2\ImageStitching\set5\DSC_0041.JPG
2992 2000

4 0 999.5 
0 4 1495.5 
0 0 1 

0.0321909 0.528516 0.848313 
-0.997099 0.0755549 -0.0092353 
-0.068975 -0.845555 0.529415 

578.606

D:\Y.C.Lai\CSIE_Google Drive\NTU\DigiVFX\hw2\ImageStitching\set5\DSC_0042.JPG
2992 2000

4 0 999.5 
0 4 1495.5 
0 0 1 

0.0336966 0.794166 0.606766 
-0.997057 0.0685445 -0.0343429 
-0.0688642 -0.603823 0.794139 

580.336

D:\Y.C.Lai\CSIE_Google Drive\NTU\DigiVFX\hw2\ImageStitching\set5\DSC_0043.JPG
2992 2000

4 0 999.5 
0 4 1495.5 
0 0 1 

0.0349516 0.971603 0.234021 
-0.99731 0.0490068 -0.0545144 
-0.0644348 -0.231485 0.970702 

583.628

D:\Y.C.Lai\CSIE_Google Drive\NTU\DigiVFX\hw2\ImageStitching\set5\DSC_0026.JPG
2992 2000

4 0 999.5 
0 4 1495.5 
0 0 1 

0.0440846 0.910137 0.411954 
-0.997001 0.0663327 -0.0398575 
-0.0636016 -0.408961 0.910333 

580.681

