D:\Y.C.Lai\CSIE_Google Drive\NTU\DigiVFX\hw2\ImageStitching\set5\DSC_0027.jpg
1496 1000

2 0 499.5 
0 2 747.5 
0 0 1 

0.0355766 0.999365 0.00218169 
-0.997489 0.0356435 -0.0611869 
-0.0612258 -9.51096e-008 0.998124 

582.462

D:\Y.C.Lai\CSIE_Google Drive\NTU\DigiVFX\hw2\ImageStitching\set5\DSC_0028.jpg
1496 1000

2 0 499.5 
0 2 747.5 
0 0 1 

0.0333372 0.944681 -0.326292 
-0.997514 0.0111707 -0.0695746 
-0.0620808 0.3278 0.942705 

585

D:\Y.C.Lai\CSIE_Google Drive\NTU\DigiVFX\hw2\ImageStitching\set5\DSC_0029.jpg
1496 1000

2 0 499.5 
0 2 747.5 
0 0 1 

0.0299741 0.762734 -0.646017 
-0.997504 -0.0185088 -0.0681354 
-0.0639262 0.646446 0.760276 

581.735

D:\Y.C.Lai\CSIE_Google Drive\NTU\DigiVFX\hw2\ImageStitching\set5\DSC_0030.jpg
1496 1000

2 0 499.5 
0 2 747.5 
0 0 1 

0.0319998 0.377763 -0.925349 
-0.997516 -0.0460556 -0.0532971 
-0.0627512 0.924756 0.37535 

582.187

D:\Y.C.Lai\CSIE_Google Drive\NTU\DigiVFX\hw2\ImageStitching\set5\DSC_0031.jpg
1496 1000

2 0 499.5 
0 2 747.5 
0 0 1 

0.0320436 0.0368321 -0.998807 
-0.997486 -0.0620062 -0.0342878 
-0.0631952 0.997396 0.0347526 

581.085

D:\Y.C.Lai\CSIE_Google Drive\NTU\DigiVFX\hw2\ImageStitching\set5\DSC_0032.jpg
1496 1000

2 0 499.5 
0 2 747.5 
0 0 1 

0.0312096 -0.36524 -0.93039 
-0.997575 -0.0693154 -0.00625241 
-0.0622067 0.928329 -0.366518 

578.979

D:\Y.C.Lai\CSIE_Google Drive\NTU\DigiVFX\hw2\ImageStitching\set5\DSC_0033.jpg
1496 1000

2 0 499.5 
0 2 747.5 
0 0 1 

0.0345466 -0.654934 -0.754896 
-0.997461 -0.0696562 0.0147852 
-0.0622665 0.752469 -0.655678 

578.325

D:\Y.C.Lai\CSIE_Google Drive\NTU\DigiVFX\hw2\ImageStitching\set5\DSC_0034.jpg
1496 1000

2 0 499.5 
0 2 747.5 
0 0 1 

0.0369915 -0.835399 -0.548398 
-0.997431 -0.0645527 0.0310555 
-0.0613443 0.54584 -0.83564 

579.774

D:\Y.C.Lai\CSIE_Google Drive\NTU\DigiVFX\hw2\ImageStitching\set5\DSC_0035.jpg
1496 1000

2 0 499.5 
0 2 747.5 
0 0 1 

0.0409837 -0.972699 -0.228423 
-0.997211 -0.0540918 0.0514201 
-0.0623722 0.225679 -0.972203 

580.966

D:\Y.C.Lai\CSIE_Google Drive\NTU\DigiVFX\hw2\ImageStitching\set5\DSC_0036.jpg
1496 1000

2 0 499.5 
0 2 747.5 
0 0 1 

0.0381807 -0.985543 0.165064 
-0.997349 -0.027343 0.0674395 
-0.0619512 -0.167201 -0.983974 

580.545

D:\Y.C.Lai\CSIE_Google Drive\NTU\DigiVFX\hw2\ImageStitching\set5\DSC_0037.jpg
1496 1000

2 0 499.5 
0 2 747.5 
0 0 1 

0.0332233 -0.85821 0.512223 
-0.99733 0.0048765 0.0728584 
-0.0650256 -0.513276 -0.855757 

582.422

D:\Y.C.Lai\CSIE_Google Drive\NTU\DigiVFX\hw2\ImageStitching\set5\DSC_0038.jpg
1496 1000

2 0 499.5 
0 2 747.5 
0 0 1 

0.0299965 -0.62977 0.776202 
-0.997245 0.0338461 0.0659998 
-0.067836 -0.776044 -0.62702 

581.539

D:\Y.C.Lai\CSIE_Google Drive\NTU\DigiVFX\hw2\ImageStitching\set5\DSC_0039.jpg
1496 1000

2 0 499.5 
0 2 747.5 
0 0 1 

0.0284406 -0.261594 0.964759 
-0.997039 0.0615568 0.0460833 
-0.0714425 -0.963213 -0.259069 

579.806

D:\Y.C.Lai\CSIE_Google Drive\NTU\DigiVFX\hw2\ImageStitching\set5\DSC_0040.jpg
1496 1000

2 0 499.5 
0 2 747.5 
0 0 1 

0.0310254 0.104143 0.994078 
-0.996853 0.0758016 0.0231708 
-0.0729396 -0.99167 0.106167 

579.283

D:\Y.C.Lai\CSIE_Google Drive\NTU\DigiVFX\hw2\ImageStitching\set5\DSC_0041.jpg
1496 1000

2 0 499.5 
0 2 747.5 
0 0 1 

0.0349105 0.528002 0.848525 
-0.99684 0.079016 -0.0081558 
-0.0713533 -0.845559 0.529092 

578.944

D:\Y.C.Lai\CSIE_Google Drive\NTU\DigiVFX\hw2\ImageStitching\set5\DSC_0042.jpg
1496 1000

2 0 499.5 
0 2 747.5 
0 0 1 

0.0371088 0.793696 0.607181 
-0.996838 0.072117 -0.0333466 
-0.0702551 -0.604024 0.793863 

580.422

D:\Y.C.Lai\CSIE_Google Drive\NTU\DigiVFX\hw2\ImageStitching\set5\DSC_0026.jpg
1496 1000

2 0 499.5 
0 2 747.5 
0 0 1 

0.0472467 0.909557 0.412885 
-0.99682 0.0694864 -0.039007 
-0.0641689 -0.409729 0.909947 

581.16

