D:\Y.C.Lai\CSIE_Google Drive\NTU\DigiVFX\hw2\ImageStitching\set5\DSC_0027.JPG
2992 2000

4 0 999.5 
0 4 1495.5 
0 0 1 

0.035943 0.999352 0.0022041 
-0.997478 0.0360107 -0.0611641 
-0.0612038 -4.70084e-017 0.998126 

581.717

D:\Y.C.Lai\CSIE_Google Drive\NTU\DigiVFX\hw2\ImageStitching\set5\DSC_0028.JPG
2992 2000

4 0 999.5 
0 4 1495.5 
0 0 1 

0.0335161 0.944579 -0.326571 
-0.997525 0.0114094 -0.0693765 
-0.0618055 0.328088 0.942624 

584.477

D:\Y.C.Lai\CSIE_Google Drive\NTU\DigiVFX\hw2\ImageStitching\set5\DSC_0029.JPG
2992 2000

4 0 999.5 
0 4 1495.5 
0 0 1 

0.0301403 0.762438 -0.64636 
-0.997515 -0.0182567 -0.0680505 
-0.0636847 0.646804 0.759993 

581.641

D:\Y.C.Lai\CSIE_Google Drive\NTU\DigiVFX\hw2\ImageStitching\set5\DSC_0030.JPG
2992 2000

4 0 999.5 
0 4 1495.5 
0 0 1 

0.0315666 0.377304 -0.925551 
-0.997537 -0.0461437 -0.0528326 
-0.0626425 0.924939 0.374919 

582.411

D:\Y.C.Lai\CSIE_Google Drive\NTU\DigiVFX\hw2\ImageStitching\set5\DSC_0031.JPG
2992 2000

4 0 999.5 
0 4 1495.5 
0 0 1 

0.0320565 0.0367016 -0.998812 
-0.997488 -0.061981 -0.0342916 
-0.0631661 0.997402 0.0346227 

581.785

D:\Y.C.Lai\CSIE_Google Drive\NTU\DigiVFX\hw2\ImageStitching\set5\DSC_0032.JPG
2992 2000

4 0 999.5 
0 4 1495.5 
0 0 1 

0.0311822 -0.365141 -0.93043 
-0.997578 -0.0692773 -0.00624517 
-0.0621774 0.928371 -0.366417 

579.432

D:\Y.C.Lai\CSIE_Google Drive\NTU\DigiVFX\hw2\ImageStitching\set5\DSC_0033.JPG
2992 2000

4 0 999.5 
0 4 1495.5 
0 0 1 

0.034898 -0.65469 -0.755092 
-0.997455 -0.0698241 0.0144405 
-0.0621777 0.752666 -0.65546 

578.955

D:\Y.C.Lai\CSIE_Google Drive\NTU\DigiVFX\hw2\ImageStitching\set5\DSC_0034.JPG
2992 2000

4 0 999.5 
0 4 1495.5 
0 0 1 

0.0368586 -0.835015 -0.548992 
-0.997437 -0.0644567 0.031072 
-0.0613317 0.546439 -0.835251 

580.626

D:\Y.C.Lai\CSIE_Google Drive\NTU\DigiVFX\hw2\ImageStitching\set5\DSC_0035.JPG
2992 2000

4 0 999.5 
0 4 1495.5 
0 0 1 

0.0410413 -0.972524 -0.229158 
-0.997212 -0.0541759 0.051321 
-0.0623258 0.226413 -0.972036 

580.927

D:\Y.C.Lai\CSIE_Google Drive\NTU\DigiVFX\hw2\ImageStitching\set5\DSC_0036.JPG
2992 2000

4 0 999.5 
0 4 1495.5 
0 0 1 

0.0383836 -0.985636 0.164469 
-0.99735 -0.0276083 0.0673076 
-0.0618 -0.166617 -0.984083 

580.284

D:\Y.C.Lai\CSIE_Google Drive\NTU\DigiVFX\hw2\ImageStitching\set5\DSC_0037.JPG
2992 2000

4 0 999.5 
0 4 1495.5 
0 0 1 

0.0334528 -0.85856 0.511621 
-0.997331 0.00456745 0.0728761 
-0.0649052 -0.512693 -0.856116 

582.744

D:\Y.C.Lai\CSIE_Google Drive\NTU\DigiVFX\hw2\ImageStitching\set5\DSC_0038.JPG
2992 2000

4 0 999.5 
0 4 1495.5 
0 0 1 

0.0301362 -0.63058 0.775539 
-0.997257 0.0335097 0.0659978 
-0.0676049 -0.775401 -0.62784 

582.201

D:\Y.C.Lai\CSIE_Google Drive\NTU\DigiVFX\hw2\ImageStitching\set5\DSC_0039.JPG
2992 2000

4 0 999.5 
0 4 1495.5 
0 0 1 

0.0281353 -0.262905 0.964412 
-0.997061 0.0613975 0.0458251 
-0.07126 -0.962866 -0.260405 

580.065

D:\Y.C.Lai\CSIE_Google Drive\NTU\DigiVFX\hw2\ImageStitching\set5\DSC_0040.JPG
2992 2000

4 0 999.5 
0 4 1495.5 
0 0 1 

0.0308745 0.102742 0.994229 
-0.996864 0.0756739 0.0231362 
-0.0728599 -0.991825 0.104757 

579.119

D:\Y.C.Lai\CSIE_Google Drive\NTU\DigiVFX\hw2\ImageStitching\set5\DSC_0041.JPG
2992 2000

4 0 999.5 
0 4 1495.5 
0 0 1 

0.0349843 0.526918 0.849197 
-0.996847 0.078953 -0.00792241 
-0.071221 -0.846241 0.528018 

578.82

D:\Y.C.Lai\CSIE_Google Drive\NTU\DigiVFX\hw2\ImageStitching\set5\DSC_0042.JPG
2992 2000

4 0 999.5 
0 4 1495.5 
0 0 1 

0.0372536 0.792988 0.608098 
-0.996848 0.072143 -0.0330082 
-0.070045 -0.604951 0.793176 

580.361

D:\Y.C.Lai\CSIE_Google Drive\NTU\DigiVFX\hw2\ImageStitching\set5\DSC_0026.JPG
2992 2000

4 0 999.5 
0 4 1495.5 
0 0 1 

0.0473755 0.909233 0.413584 
-0.996813 0.0696406 -0.0389157 
-0.0641856 -0.410422 0.909634 

580.246

