D:\Y.C.Lai\CSIE_Google Drive\NTU\DigiVFX\hw2\ImageStitching\set3\DSC_0002.JPG
6000 4000

8 0 1999.5 
0 8 2999.5 
0 0 1 

0.998829 -0.0234758 0.0422947 
0.0234548 0.999724 0.000993205 
-0.0423063 1.74833e-008 0.999105 

601.825

D:\Y.C.Lai\CSIE_Google Drive\NTU\DigiVFX\hw2\ImageStitching\set3\DSC_0003.JPG
6000 4000

8 0 1999.5 
0 8 2999.5 
0 0 1 

0.998829 -0.00521708 0.0480887 
0.0275951 0.877971 -0.477918 
-0.0397269 0.478686 0.877087 

583.831

D:\Y.C.Lai\CSIE_Google Drive\NTU\DigiVFX\hw2\ImageStitching\set3\DSC_0004.JPG
6000 4000

8 0 1999.5 
0 8 2999.5 
0 0 1 

0.998653 0.0261587 0.0448119 
0.0293415 0.427595 -0.903494 
-0.0427956 0.903592 0.426251 

569.771

D:\Y.C.Lai\CSIE_Google Drive\NTU\DigiVFX\hw2\ImageStitching\set3\DSC_0005.JPG
6000 4000

8 0 1999.5 
0 8 2999.5 
0 0 1 

0.998605 0.0488102 0.0201289 
0.0273642 -0.152428 -0.987936 
-0.045153 0.987109 -0.153551 

574.85

D:\Y.C.Lai\CSIE_Google Drive\NTU\DigiVFX\hw2\ImageStitching\set3\DSC_0006.JPG
6000 4000

8 0 1999.5 
0 8 2999.5 
0 0 1 

0.998801 0.0489068 -0.00227642 
0.0232146 -0.51401 -0.85747 
-0.0431062 0.856389 -0.514529 

562.113

D:\Y.C.Lai\CSIE_Google Drive\NTU\DigiVFX\hw2\ImageStitching\set3\DSC_0007.JPG
6000 4000

8 0 1999.5 
0 8 2999.5 
0 0 1 

0.99882 0.0251405 -0.0415573 
0.0103561 -0.946175 -0.323492 
-0.0474531 0.322679 -0.945318 

558.496

D:\Y.C.Lai\CSIE_Google Drive\NTU\DigiVFX\hw2\ImageStitching\set3\DSC_0008.JPG
6000 4000

8 0 1999.5 
0 8 2999.5 
0 0 1 

0.998348 0.0288855 -0.0496663 
0.0397717 -0.971287 0.234564 
-0.0414646 -0.236151 -0.970831 

604.239

D:\Y.C.Lai\CSIE_Google Drive\NTU\DigiVFX\hw2\ImageStitching\set3\DSC_0009.JPG
6000 4000

8 0 1999.5 
0 8 2999.5 
0 0 1 

0.998925 0.00251554 -0.0462803 
0.0299603 -0.796908 0.603357 
-0.0353634 -0.604095 -0.796127 

602.373

D:\Y.C.Lai\CSIE_Google Drive\NTU\DigiVFX\hw2\ImageStitching\set3\DSC_0010.JPG
6000 4000

8 0 1999.5 
0 8 2999.5 
0 0 1 

0.999181 -0.026615 -0.0304913 
0.0174875 -0.395517 0.918292 
-0.0365002 -0.918073 -0.394727 

602.107

D:\Y.C.Lai\CSIE_Google Drive\NTU\DigiVFX\hw2\ImageStitching\set3\DSC_0011.JPG
6000 4000

8 0 1999.5 
0 8 2999.5 
0 0 1 

0.999083 -0.0403627 -0.0142935 
0.0140545 -0.00619719 0.999882 
-0.0404465 -0.999166 -0.00562417 

605.66

D:\Y.C.Lai\CSIE_Google Drive\NTU\DigiVFX\hw2\ImageStitching\set3\DSC_0012.JPG
6000 4000

8 0 1999.5 
0 8 2999.5 
0 0 1 

0.998866 -0.0475332 0.00286576 
0.017114 0.41449 0.909893 
-0.044438 -0.908811 0.414834 

606.723

D:\Y.C.Lai\CSIE_Google Drive\NTU\DigiVFX\hw2\ImageStitching\set3\DSC_0013.JPG
6000 4000

8 0 1999.5 
0 8 2999.5 
0 0 1 

0.998738 -0.0410886 0.0288928 
0.0139785 0.779842 0.62582 
-0.0482459 -0.624626 0.779432 

602.475

D:\Y.C.Lai\CSIE_Google Drive\NTU\DigiVFX\hw2\ImageStitching\set3\DSC_0001.JPG
6000 4000

8 0 1999.5 
0 8 2999.5 
0 0 1 

0.998809 -0.0363847 0.0325061 
0.0190218 0.903915 0.427289 
-0.0449296 -0.426162 0.903531 

597.297

