D:\Y.C.Lai\CSIE_Google Drive\NTU\DigiVFX\hw2\set2\DSC_0173.JPG
2992 2000

4 0 999.5 
0 4 1495.5 
0 0 1 

0.998236 -0.00802758 0.0588199 
0.00801367 0.999968 0.00047218 
-0.0588218 -4.40886e-016 0.998269 

494.424

D:\Y.C.Lai\CSIE_Google Drive\NTU\DigiVFX\hw2\set2\DSC_0174.JPG
2992 2000

4 0 999.5 
0 4 1495.5 
0 0 1 

0.997976 0.014733 0.0618682 
0.0231576 0.821835 -0.569255 
-0.0592322 0.569535 0.81983 

486.48

D:\Y.C.Lai\CSIE_Google Drive\NTU\DigiVFX\hw2\set2\DSC_0175.JPG
2992 2000

4 0 999.5 
0 4 1495.5 
0 0 1 

0.998523 0.0394112 0.0374144 
0.033813 0.0883843 -0.995512 
-0.0425412 0.995307 0.0869211 

623.875

D:\Y.C.Lai\CSIE_Google Drive\NTU\DigiVFX\hw2\set2\DSC_0176.JPG
2992 2000

4 0 999.5 
0 4 1495.5 
0 0 1 

0.999132 0.0413202 -0.00538626 
0.0155121 -0.488793 -0.872262 
-0.0386748 0.871421 -0.489009 

645.465

D:\Y.C.Lai\CSIE_Google Drive\NTU\DigiVFX\hw2\set2\DSC_0177.JPG
2992 2000

4 0 999.5 
0 4 1495.5 
0 0 1 

0.998992 0.0313135 -0.0321608 
0.00982457 -0.851643 -0.52403 
-0.0437987 0.523186 -0.851092 

652.386

D:\Y.C.Lai\CSIE_Google Drive\NTU\DigiVFX\hw2\set2\DSC_0178.JPG
2992 2000

4 0 999.5 
0 4 1495.5 
0 0 1 

0.998897 0.00609121 -0.0465529 
0.00565872 -0.99994 -0.0094172 
-0.0466075 0.00914356 -0.998872 

648.166

D:\Y.C.Lai\CSIE_Google Drive\NTU\DigiVFX\hw2\set2\DSC_0179.JPG
2992 2000

4 0 999.5 
0 4 1495.5 
0 0 1 

0.999272 0.00528763 -0.0377968 
0.0181901 -0.936618 0.34988 
-0.0335513 -0.350313 -0.936032 

631.602

D:\Y.C.Lai\CSIE_Google Drive\NTU\DigiVFX\hw2\set2\DSC_0180.JPG
2992 2000

4 0 999.5 
0 4 1495.5 
0 0 1 

0.998779 -0.0244854 -0.0429128 
0.015976 -0.661845 0.74947 
-0.0467528 -0.749241 -0.660646 

624.783

D:\Y.C.Lai\CSIE_Google Drive\NTU\DigiVFX\hw2\set2\DSC_0181.JPG
2992 2000

4 0 999.5 
0 4 1495.5 
0 0 1 

0.998558 -0.0455605 -0.0283959 
0.0303522 0.0428382 0.998621 
-0.0442813 -0.998043 0.044159 

479.409

D:\Y.C.Lai\CSIE_Google Drive\NTU\DigiVFX\hw2\set2\DSC_0182.JPG
2992 2000

4 0 999.5 
0 4 1495.5 
0 0 1 

0.99844 -0.0526282 0.0186599 
0.0169379 0.603886 0.796891 
-0.0532072 -0.795331 0.603835 

487.725

D:\Y.C.Lai\CSIE_Google Drive\NTU\DigiVFX\hw2\set2\DSC_0172.JPG
2992 2000

4 0 999.5 
0 4 1495.5 
0 0 1 

0.998147 -0.0322692 0.0516057 
0.00838807 0.912725 0.408489 
-0.0602836 -0.407299 0.911303 

496.238

